
20
30
31
55
25
24
39
33
51
35
50
51
35
45
45
53
39
40
41
60
20
46
26
48
35
41
39
30
21
37
23
40
44
35
30
44
58
24
21
44
30
33
44
19
36
31
34
7
56
29
14
35
47
49
49
29
62
41
28
34
18
29
15
24
43
30
25
25
57
50
40
19
16
46
26
35
54
30
28
57
51
29
24
37
17
39
26
31
53
40
27
25
61
59
37
13
22
37
32
37
42
57
37
74
48
39
54
36
47
36
45
33
23
46
23
38
66
13
37
24
40
64
50
5
41
41
46
48
24
39
55
34
43
28
30
42
22
29
19
26
23
47
44
45
44
50
36
59
25
31
38
63
37
44
47
31
25
25
34
56
43
15
17
33
42
11
16
29
20
65
28
57
26
22
19
45
24
27
40
19
12
23
27
46
11
30
37
24
61
55
32
28
30
32
47
8
42
45
18
45
36
37
38
31
16
11
66
36
33
36
16
35
25
40
35
52
36
31
52
14
7
-10
23
52
38
37
45
16
41
34
13
33
22
39
34
43
20
41
45
34
36
42
49
61
50
50
22
54
1
43
18
43
48
50
49
43
25
15
33
37
20
63
33
37
61
53
28
30
55
20
26
27
35
62
57
31
31
58
28
33
35
46
31
46
-476
-139
53
97
22
37
36
32
36
32
26
18
38
48
32
28
45
42
30
31
20
30
35
44
46
49
37
15
16
25
45
38
36
36
47
41
50
40
17
45
54
30
52
61
46
30
48
30
15
24
64
59
-3
-23
-12
9
40
5
37
39
24
53
29
24
30
33
33
44
37
23
35
32
51
16
47
39
47
23
19
24
15
44
30
29
30
37
44
20
38
31
62
39
434
7
96
61
55
33
28
13
43
27
56
43
49
45
19
49
31
47
32
54
49
20
38
47
25
52
25
49
39
26
23
23
57
40
46
11
27
35
12
25
30
40
48
19
29
17
19
36
31
29
45
25
20
13
15
25
35
39
30
22
23
52
40
27
44
35
20
37
40
47
27
25
44
45
38
24
46
5
41
25
21
25
42
32
25
39
33
45
9
54
34
25
5
29
42
24
24
29
38
22
38
44
15
0
31
34
98
41
30
13
18
33
-19
16
51
27
39
175
41
40
52
58
30
34
52
26
9
28
27
45
53
36
47
36
36
17
44
25
70
22
49
14
50
14
40
38
61
12
56
35
44
67
-231
-59
-406
875
1622
1298
267
174
-1994
-1965
-1353
360
1013
-480
-118
19
171
26
43
57
58
-23
138
38
45
54
23
33
15
25
17
41
21
44
74
39
15
26
35
50
51
456
-280
-557
208
236
-13
92
-13
60
22
45
15
30
53
25
28
34
27
27
10
-12
65
120
62
58
50
44
40
4
41
7
42
35
29
119
81
88
-38
15
63
15
28
40
14
33
43
23
-18
56
46
36
192
-85
50
35
29
46
88
33
71
4
63
33
12
-5
53
21
50
-3
-161
-250
-335
40
703
200
990
365
1336
391
-968
-63
79
952
-1
54
32
21
15
43
47
43
31
46
29
36
38
47
31
-1
44
47
33
24
22
40
26
28
29
21
44
37
2
-6
41
39
26
49
32
43
22
37
42
35
27
24
8
25
17
23
31
37
42
36
40
56
45
25
14
49
42
37
49
19
12
68
27
40
40
31
41
36
23
44
23
15
9
29
34
39
32
36
14
52
39
13
25
42
51
26
36
45
34
35
15
31
43
39
23
32
35
39
33
30
57
46
34
26
45
39
49
20
20
14
9
34
10
39
61
43
26
12
33
17
24
35
20
19
37
37
49
20
38
22
39
49
23
26
55
29
34
41
24
34
44
58
38
35
29
33
24
29
64
31
8
46
30
33
36
19
14
35
36
35
46
25
21
15
33
27
52
37
31
21
28
42
39
38
17
32
6
40
22
45
26
49
22
49
37
62
48
28
34
24
26
18
51
39
38
45
29
29
36
52
49
29
3
27
22
37
55
19
36
38
27
37
29
37
55
26
28
40
49
43
33
15
51
31
32
14
57
33
33
46
37
30
29
13
41
41
46
10
36
28
26
32
36
30
42
22
12
34
37
11
30
27
19
24
34
42
43
22
40
44
14
15
33
35
49
37
22
21
12
32
30
23
42
14
26
14
26
43
47
28
55
31
17
26
16
39
20
17
15
46
31
18
20
24
32
17
43
31
22
27
26
38
14
47
30
4
37
36
20
36
26
25
37
29
51
35
15
43
32
34
15
39
26
40
26
21
35
29
13
28
3
42
1
26
40
32
46
34
19
35
31
16
28
35
13
28
11
22
33
22
17
26
25
3
37
29
38
30
37
41
24
41
11
33
59
30
39
26
13
13
22
5
25
34
17
33
18
24
40
43
31
20
44
45
36
32
29
27
39
45
33
29
32
38
25
36
26
15
40
2
49
65
29
32
16
52
29
27
22
29
34
26
25
44
19
48
22
51
32
41
9
28
18
7
285
160
378
407
89
26
1360
-918
-1616
-1591
-228
964
-183
30
242
-117
96
17
22
39
50
38
73
35
26
9
27
8
23
32
38
46
35
47
16
9
30
22
5
20
49
33
-103
-171
48
49
61
90
50
-97
96
-31
61
51
40
50
43
21
35
40
44
30
4
-11
54
59
37
33
48
33
16
-5
21
49
44
57
36
22
-87
10
173
-76
107
19
49
17
129
-56
33
5
47
22
12
-10
47
38
34
27
32
28
9
18
25
34
39
51
51
31
30
34
-13
-75
0
-8
87
175
94
-3
31
27
13
17
25
13
45
28
19
43
44
31
35
7
41
27
68
37
36
40
50
39
22
26
-20
25
600
491
-820
-929
-143
-716
-462
117
486
190
481
-759
468
117
-160
102
123
23
33
-69
40
17
48
57
9
38
45
34
29
28
28
35
27
5
42
42
13
18
51
49
31
57
16
-18
78
55
-108
-51
691
402
630
1703
-181
-1289
215
-75
421
299
106
33
-77
-69
48
12
23
45
38
43
34
43
29
44
11
27
29
25
26
30
40
20
30
42
33
33
18
36
51
16
21
18
12
22
40
56
6
-109
-863
-1163
591
607
81
-451
-186
-331
-32
910
2000
18
13
11
49
28
10
31
36
21
28
26
36
23
8
56
20
32
25
36
15
10
5
35
25
3
16
28
14
1
38
56
8
28
47
5
16
28
49
31
1
36
32
52
13
-4
30
23
37
35
22
23
25
21
39
9
14
21
1
41
12
28
23
42
17
50
5
28
35
36
53
36
49
21
18
2
40
38
51
27
18
12
37
23
36
31
31
20
13
39
23
24
17
47
7
6
21
33
-1
30
43
10
27
26
40
22
28
68
18
41
24
59
17
21
11
37
51
35
48
25
24
13
37
40
34
38
36
35
38
30
6
26
11
21
42
39
33
25
42
23
31
21
18
23
42
2
17
30
31
17
47
21
27
26
Connected.
Connected.

Disconnected.
